COSMOS 2251             
1 22675U 93036A   25276.45393011  .00000356  00000+0  13852-3 0  9996
2 22675  74.0374  84.3004 0024964 188.4347 171.6389 14.33174089687666
COSMOS 2251 DEB         
1 33757U 93036E   25276.49182712  .00000264  00000+0  10669-3 0  9998
2 33757  74.0342  91.8478 0014001 129.2699 262.0271 14.32555632869906
COSMOS 2251 DEB         
1 33758U 93036F   25276.30804131  .00007617  00000+0  19322-2 0  9998
2 33758  74.0315 347.6136 0016104  69.1392 355.2374 14.50881827872831
COSMOS 2251 DEB         
1 33760U 93036H   25276.66249781  .00000863  00000+0  30768-3 0  9998
2 33760  74.0325  50.0600 0020222 171.5100 212.7558 14.35607991871197
COSMOS 2251 DEB         
1 33761U 93036J   25276.31138576  .00003620  00000+0  11024-2 0  9997
2 33761  74.0390  22.7978 0021940 124.0550 267.9011 14.42239914872195